OFF
24 12 0
-0.500 0.500 0.500
-0.500 0.500 0.500
-0.500 0.500 0.500
0.500 0.500 0.500
0.500 0.500 0.500
0.500 0.500 0.500
0.500 0.500 -0.500
0.500 0.500 -0.500
0.500 0.500 -0.500
-0.500 0.500 -0.500
-0.500 0.500 -0.500
-0.500 0.500 -0.500
-0.500 -0.500 -0.500
-0.500 -0.500 -0.500
-0.500 -0.500 -0.500
0.500 -0.500 -0.500
0.500 -0.500 -0.500
0.500 -0.500 -0.500
0.500 -0.500 0.500
0.500 -0.500 0.500
0.500 -0.500 0.500
-0.500 -0.500 0.500
-0.500 -0.500 0.500
-0.500 -0.500 0.500
3 1 10 4
3 10 7 4
3 3 6 18
3 6 15 18
3 5 2 23
3 20 5 23
3 12 21 9
3 21 0 9
3 16 19 13
3 19 22 13
3 11 14 8
3 14 17 8
